gene.x gene.y
9239814 3012068
9276712 3297546
9298469 3364591
9257326 3288066
9194392 3062798
7738574 831509
7639801 3093036
6838793 3957328
7165712 2846610
7134450 959230
9297566 3575171
7165624 2845259
6743013 2939775
9298300 2747731
5281306 3011395
2349430 1284437
9130353 3501155
6820343 3957260
9259801 3287896
7632499 2983294
6830551 3870573
9300228 3011228
9207764 3092904
7683541 2989591
9245926 3234197
7729342 4559732
9271316 3189261
7630002 3052597
9237467 3575218
7736680 379996
7733851 3092853
9194351 3575490
7715879 2914662
6789694 3011739
7081674 4527412
9293171 3496449
6773092 3870493
7165423 4559514
7054383 2915102
9290922 3284436
6849814 4336288
6707826 3413994
6783128 2990933
4907424 3958282
6764451 3093365
9301001 2848997
9201403 3288507
9302467 831922
9216939 3112605
9137367 3052028
7749552 831848
9190473 3575188
6849435 3957761
7158945 4560253
7065524 3183983
7752004 4559943
7592619 3051953
9135238 2804278
9244806 3364151
9141239 3250343
7701734 3334209
9237215 3575775
7671674 2950580
7708204 3049956
7085405 2915217
9298491 2915507
7049980 3187314
9173934 2914987
9252682 847172
9300549 2914677
7749318 424917
7690436 3750942
7750751 4559543
9300971 3288152
7704627 3052570
6808955 3957976
7042142 3365000
7092996 2915269
9249242 3575608
9236115 3250158
6827931 3364363
7717617 3035214
9297392 3182854
9173335 3364413
7736009 3051707
9163779 2888604
7634827 3093070
7026849 4560070
9183792 3260483
2696427 308002
3732830 3364553
7717679 3037717
7665234 2914993
6750484 3365024
6713650 2940853
7624344 3751006
9296672 3112338
7597254 2987639
7750382 3011648
7093972 2914744
7673440 3192537
9241977 3243534
9270912 2847864
9290924 3182935
9292106 2845537
7643336 2192846
9246396 3182681
6806521 2940155
9164032 3258288
9300293 3364841
1232903 3019383
1133043 2914635
9299479 2914859
9135710 2911135
9192985 3575509
6829772 3896167
7050364 3260606
7117990 2915601
9243098 3220725
7685109 3052583
9210360 3093480
9132040 3261046
7096702 3259936
7071388 3206804
7154244 4560013
9209157 3876031
7168212 3348699
5120870 3051967
9300936 3575819
7750517 3875587
9299638 3364475
9295380 3216048
9195314 3011332
7732191 3051767
9135461 2858656
9138904 3184193
9261638 5264909
9283198 3239426
7164757 3260074
9283324 2915499
9262571 4475472
5880572 4560206
7750960 3052095
9298119 2915108
9298415 3666854
9229736 3575610
9170152 666688
9174034 3288036
4325797 3011794
9136186 3288142
7749112 3052110
9135243 3011406
7751309 2915597
9259616 2846672
7749070 3051598
9299091 3291442
6813923 3365174
8880976 3011379
9208002 3364679
9300184 3364598
9226756 3093060
9286268 3302328
9302139 3259882
152927 4460365
9163364 3287907
9299772 3287853
9301926 3112826
9267662 3011852
9190528 3093019
9206517 2915385
9176036 3364345
7641635 3093329
726807 3751667
6791546 3888736
7622578 3052234
7146393 4560211
9299392 3575376
6050415 2914740
9218292 3092505
6786117 2939856
6792029 3011515
7635770 831934
7125204 3260847
7094101 4559795
7746797 810758
7719318 3751769
7633669 3751758
7731946 811794
7639046 2991922
9228085 3575779
7638435 3751276
7586676 3751401
7718826 3879205
7164598 4560308
310254 4462006
9254666 3012003
7590650 3751076
6815795 3873554
8673073 3230595
9192406 2915208
9139162 3288190
7751112 3051676
7627215 3663862
373748 3261093
7684043 831845
6710419 3011175
7714791 3093518
9230032 3218356
9301818 3287571
9217335 3011949
9239196 3575463
9298981 3575711
7085370 3261023
9228212 3248413
9232740 3287530
9134866 3575416
9276888 3011819
7715533 3751060
89967 3365162
7132429 3187268
9163653 3365116
9276287 3260833
7709177 3051636
6765534 3288637
5013349 812933
6748611 3365110
9181246 3093178
9225421 3871013
6850162 2940232
6824397 2949167
9299109 3260431
7705992 3260616
7643142 3666963
9298472 10364840
3098643 2972580
9302071 2028641
7670667 3052351
7694160 3677992
9131397 3062800
6838008 3957859
9297353 3288428
6792337 2954380
7751387 2297287
7165826 4560141
7141172 4560084
9301506 4044096
7750155 3052475
9301774 3575800
6461742 3870933
9179357 3957443
7737289 3011375
9265368 2948913
9251330 3260726
9175298 3575830
6832357 3874240
6846856 3871069
9237698 3213912
9262150 3217522
9255866 3214516
9290791 2943457
8183152 3260856
7718560 3051847
9294259 3288464
9288741 3218218
6803738 3870223
7751654 3052578
7672278 4709713
9214621 3287725
9137030 3958234
9209889 2915661
9235635 3500653
6847638 3874753
9138638 3364193
6828067 4559546
7019118 3184327
9294386 3218336
9132109 2914654
5836369 3011685
9244018 3495802
6762778 2940411
9288158 3011718
6849485 3365207
7751587 3052419
7698201 3093370
9300691 3576163
9171803 3289160
9254377 3288417
6770501 3011492
9140108 3364343
9173347 3575995
9300607 3462581
9263848 3541592
7655327 2346618
5072869 3728982
414389 3260787
9139403 2940695
4905923 3052595
7129346 2848413
9300472 2914925
7169055 3260162
7749627 4336834
9298012 3575412
6846768 3957253
6740278 3957796
5110852 3011365
9248297 2939673
5810190 3052192
9262497 3287869
7636431 2982263
9264434 3516884
9140846 3493915
6733202 3012102
9232052 2851353
9175698 3365105
9276626 3663426
7654502 3681074
9302915 3011728
3887224 3957532
7090043 4559849
6780239 3957502
7716919 4505749
7165824 2915360
1750429 3011465
9138362 3495246
7110077 3260044
9228317 3364864
6749199 3934924
9260437 3093341
6707589 3870559
6744095 3364286
7073185 1409756
7019255 3260321
9300060 3575685
6829914 3879133
9274455 3287783
7721796 3051892
6835248 3011953
6426985 2897818
6752974 3495464
7089574 3334632
9140972 3364214
7069319 3188430
7749998 3751020
9298416 3364288
9290532 3251617
9297647 3575642
9239678 2845233
7151635 4462558
6839836 3957835
7165139 3260663
6799202 3957421
9298281 3011722
9278645 3257100
900079 2891836
9299478 3575284
9300221 3112783
7153693 3364852
6784460 3499523
7748148 3052664
9251200 3575102
9247808 3575460
7714709 501572
7715845 3751061
7598662 4738535
9224917 3663671
7068691 2861269
7748073 831633
4526769 3575378
9184681 3287930
1367795 2992393
7722247 3052440
6846167 3011938
7723465 3020662
6771406 3957530
6559922 3663632
7168691 7019143
7362673 3575896
9223629 3011897
9283969 3288061
9254886 2580981
6449988 4201336
7084752 3261094
9301581 1006370
9297862 3364866
9247617 2849598
6755080 3364311
7115278 2914673
7657435 3664349
7676782 3751274
6845784 3284924
9275771 3011438
7650521 3093470
6812906 3957426
9209533 3214309
942093 3575745
9182957 3364459
9297776 3575430
7086556 3260106
6850216 3285770
7636147 831963
9297199 3493328
7071142 3260959
6828851 3702500
9133892 3030148
9267372 2915074
7125913 3190907
7729103 3751714
7656747 2984269
9173645 3287957
1978383 4043735
6849255 2943753
9260858 3092417
7165294 3260581
7721751 3052382
9163858 2914950
6825084 3287670
1532114 3249494
9257558 2915272
9137958 3364369
7592633 3022420
6815812 3364901
9295315 3364251
7727535 3681177
9140447 3288462
7086734 3183826
9299824 3287523
4930885 2983413
7133386 523652
121041 3957407
7639695 3751080
4630017 3011624
9161144 3269100
7116418 3182959
9142243 3011518
6787783 3957491
6849615 3012176
6787383 4336547
7728245 3093227
9277143 3288063
7090050 3587889
9301563 3575969
7108704 3261051
7051550 3260632
7748033 3051901
9132162 3029694
7129538 4458586
6805540 2946999
7659448 2988604
4428833 11063477
7731400 3751404
7586202 3052494
4071046 3664745
7726258 831521
9299721 3012165
9299606 3288317
7705976 3667187
9173940 3365166
7167098 3334853
6736317 3958031
9131005 3288062
6834981 3365036
7638574 2981645
9298940 3092980
6736362 3011683
6756887 3575380
6792869 3288611
9233739 2915256
3775848 790209
1444957 3871661
9298349 2915247
9299297 3497618
7740502 3666976
9251629 3575253
9185629 3260727
9165949 3958215
9135227 3012295
9271033 3285394
7114447 2845815
9269302 3494680
7622956 4242402
7697879 2984286
9266146 3535800
9259732 3215376
9299629 2915281
1334439 3011714
6818635 3957526
7591123 3093117
7670916 3051951
9217385 3495265
89697 3051913
7081991 3334782
7698154 831528
6754533 4639442
6843224 3011502
6849339 3285538
7115246 4033957
6739610 3958410
7749623 812264
9246903 3364596
7678973 2914917
9251157 3497988
9300420 3364923
7746384 3751310
9249213 2915182
9230088 3288254
9220299 3284858
6829516 3011658
6843217 3011839
7016261 2914995
7666551 3051738
6782955 2941813
6758335 3869974
9280221 3287717
6702083 3364293
6843505 3872324
7704515 2985848
7667503 3261001
7619984 3663232
9300384 2914754
7627070 3051679
7021613 3260656
9253488 3285786
9296385 3260972
5752183 3011417
9252877 3364536
7595149 831895
9301034 3213951
9186506 3288014
7654566 3751603
9298439 3364616
7088180 4478556
7061805 3334426
7670189 3093288
9208722 2914761
7748484 3957424
6797913 3011679
9192345 3043787
7750717 831773
9268944 3286601
7026878 2914932
9204774 2915240
7751440 3051716
7695145 2983667
7166418 3260800
9214989 3493827
9140385 3287578
7110766 3184697
6714065 3958057
7726410 3751461
7599381 3667774
6848265 3958116
6828696 3335236
7084883 2914791
7725786 811303
9187361 3288209
9301243 3575628
7063343 3093258
6849206 3958184
9297975 3364599
9133402 3663384
9272539 658954
9131623 2915533
7149702 3182475
9189162 3287886
872642 3494159
7164776 3260648
6777302 3011348
9297948 3494521
6849440 3873099
9140348 2942638
6748695 3318207
7135572 2915071
7726717 3751326
9297524 2915554
7704502 3751011
7748789 3751049
6750207 3958037
9132955 2914882
9133214 3552104
9299872 3260917
7164881 3184893
7747896 3092460
9132862 3029763
6848843 3011870
9300456 3288385
7141959 3297530
7022802 4465112
7708457 3092529
4637253 4540122
9297536 3288261
9301855 3287595
6743991 3921910
7160081 1200684
9280591 3575909
6749136 3012035
7641685 1976491
7748245 3093383
9298436 2915484
9141508 2914964
9137263 3288116
7701136 3751403
9298841 3287860
7042539 438060
9130275 3575346
6712234 2297116
1261354 2990125
6713674 3012359
9236752 3215332
6799674 3011837
7166374 3259999
7594964 3669310
6757929 2941756
7156487 3664594
7657544 3051733
9181155 3495780
7622672 4738325
7026844 2900287
9206727 3215103
9195863 3260602
9299490 3246537
7722594 3750921
7070085 3260823
9245141 3093489
9301344 3093445
7107422 3260503
7681919 3052063
7749608 3663913
6793095 3364261
9290076 3215608
5194438 3287874
7751859 3667427
9281816 656202
9223574 3575369
9300478 3288466
7107217 3260711
9276652 3093163
7749708 3024441
7650523 4044210
7729054 3041170
2849088 3957228
7657018 3052387
9301468 3287757
8946762 3364858
7598583 3751282
7102103 3182684
9298859 3093105
6702629 3011970
9218799 3498221
7093153 2915396
9300357 3364584
9277058 3288137
7734097 3750981
9167197 3093350
9203147 3284803
7113002 2915235
7146836 4560161
6732423 3011984
9134780 3092899
9262203 3286361
7697678 3670412
4496643 4559838
9297971 3663875
2171131 3092732
7675304 3751378
9274057 3506871
3322057 3185975
7732347 3051879
9185870 3494854
9283960 2804688
7075906 2846968
9162486 3288300
2076615 2952632
5645883 3092501
7709604 811872
7751947 3011401
9268439 3364977
7024188 2915544
7752018 3603534
2660664 3637249
9299028 3287669
9296240 3575675
7165574 3112639
7061674 2914940
4695025 2915135
7692823 3052522
8460944 2914836
7262205 3223385
7155609 2914745
7669810 3051854
7091130 3237274
9299498 3023219
7155992 3261075
9289652 5177955
6734516 4336259
9258537 3285964
9221001 3019915
7118922 3260848
6775019 2941879
9267963 3287923
5689866 2982106
7751235 3092642
7698042 3093180
7672950 3092887
7676165 3670842
7588540 3751387
6822872 3011512
2272967 3334214
6756782 3011528
9135883 2846570
7753824 3750993
7019070 3198282
7020898 3184187
7693447 3092959
6731409 3957439
7121509 4475904
7764706 3751651
7056151 3287780
6750725 3011507
9134220 3365079
9299844 3365055
8518704 2846438
9289885 2914736
6746708 3364036
9142201 3288000
9300003 3575432
7675802 3092285
7628179 2994109
7678914 3751636
6702926 3364963
7684634 3751643
7642781 3288658
6797921 3011797
7111391 3364418
6712803 3957529
6825504 3364090
6739071 3875150
7116988 3260467
9299484 3288227
7698131 2983259
9272137 3288112
7166635 4460536
7597979 3751385
590547 3092595
9206708 3575672
6889474 3260210
7596277 3751728
7749749 3671274
7689962 3751849
7630626 831764
9299833 3093028
9138658 3051572
6444647 3751410
9236838 3364309
9299979 3364480
9217943 2915267
6777597 3874712
7748712 4738503
9222402 3288184
9249062 3582137
7623209 831525
9298502 3012073
7162682 4559698
6848131 3958016
7698726 3751302
7696933 3092594
7727125 3751161
7165738 5148594
1318884 2914789
7620135 3010645
7588369 11107359
9297635 3575713
6228475 3680922
6779097 3011941
9299262 3364742
9251249 3052043
6743230 3958350
7150105 3183206
7081516 3260905
6786194 3364682
7746245 2984517
7747693 3668792
9300453 3364784
9203179 3215748
4349056 3052504
9297326 3365006
7624342 2981712
9301311 10127679
7750816 3288942
9162819 2946661
6849767 3957992
9299216 3287969
9289617 4535148
7727276 3751308
7668325 3665415
6801135 3286341
7165188 2863257
7685294 3751201
9252307 3214512
9300326 3011713
9237012 5264767
9298772 2915052
7593894 2985297
9178617 3011629
7748366 3093442
9220120 3575379
7053076 4560243
6060494 3335409
7594255 831904
9223377 4613862
6849784 3011861
7656257 811550
7748123 3751492
9236421 446368
7100114 3182943
9191206 3364646
7063605 3187534
6813735 4596483
6789085 3365164
6848296 3958255
9294615 3288344
6776911 3364929
9300590 3092915
7110300 3287588
7166182 4560387
7106946 3260926
3256915 788903
9218674 3498574
9301530 3093336
9248466 3214248
7748117 2982876
7022592 4559551
7650882 3751644
7671880 4502348
9300053 3287542
9134323 3364273
9231003 1907873
9299042 10364591
7660666 3092472
7750608 3751328
6850165 3879528
7104532 2846882
3333069 3011474
6706702 3957471
6747533 3957131
9180876 3364985
9229244 3758388
9256799 3508521
9197190 3241875
9299710 2804471
7056059 2915238
9270222 3539929
6795510 3011645
9242596 2915361
3439017 3011394
6812389 3957505
6829954 3751162
6804104 5199731
1671744 2802927
9178622 3045056
5846584 3958065
6839530 3011988
7740897 3052551
7025985 4457669
6770158 3284497
7751421 3052655
6817066 326944
9246295 3011336
9199234 2953306
9283723 3011966
9234342 3215014
9265291 233129
6849192 3011751
6751488 3870833
9282394 3495367
9141385 3288166
9292860 3050428
7018003 3261031
9212346 1993255
9212346 3364949
9298719 3499037
9290375 3011779
7131630 3011602
5752165 3301165
6848626 3957781
7645922 3872062
7055555 3260226
6050346 2986045
7744845 3052576
9210144 3025081
7725027 3721823
9257733 3551173
7748040 3680983
7142095 4559705
9217474 3093281
9300380 3364876
9275981 3288827
9281271 3289148
9136352 3364393
9246566 3034858
7074287 3260288
942772 2914766
7631446 4296188
9231282 3364514
7715326 2846162
7118810 3455699
9283353 3575527
9299820 4296252
9133297 397938
7599109 3958300
9142680 4458954
9208877 3230838
5207870 3522634
9231628 3011548
9211907 3575895
6792029 3919077
7751907 3051832
4956447 3052398
6847430 3957626
6799271 3957460
6845386 2958665
7958480 3092612
7622855 3751196
7750914 4286296
7018003 3261031
7165284 2846353
9238419 1643690
9131880 3575593
9282263 3575905
9189475 3497747
9175700 2915331
7750664 3260245
9255102 3758313
9302751 3287653
9173137 2914841
2351848 3958101
6774670 2942506
7682485 2986148
6819234 3870072
9249453 4463618
9265755 3287779
7080766 3208433
9227000 3213171
7239798 3751114
6709422 3385861
7749402 3051742
6458278 3092806
6458278 3092806
9212346 4479007
9299076 3286572
2334380 3289009
7738068 3092849
9298012 3665288
7711704 2981858
7664866 1606320
6752123 3957929
7094626 3364555
9257759 2095569
6706270 934052
9211317 3288923
6775226 3290794
7681707 3751291
7683462 3751181
6893926 441205
9222925 3288231
5071911 3958232
9173277 4559788
935919 3213147
1863263 3011302
9208794 190563
6845854 2966077
6843658 3575265
9300382 3217839
7589436 3051865
9300458 3304184
7043739 4560156
9177340 3498957
7588981 3665557
7663740 3751469
9298887 3364437
9268096 3576033
5302398 3958062
6784064 4531964
9130397 3287791
6714127 3957945
9300230 2697137
2940583 3751629
6795105 3011869
9184165 3092705
7646828 3051794
7739266 3667066
9137295 3024763
7668996 3092353
6813262 3012239
6788035 2941354
7753587 2987312
6752695 3364528
4000176 3528326
7641515 4296070
7123702 3260123
9265740 3575878
9268392 2851456
9299306 3497543
9289386 3287610
7075638 4459019
6848481 3364210
1839825 1124419
9143815 3092495
7125035 3260957
804257 3205074
7083626 3221622
7619955 2915313
9133043 3496500
7721611 3092273
7157549 4459287
9284302 305078
7629681 3092340
7107653 3260831
7740445 831789
6763839 3894637
7160182 2915277
9300789 3093112
7165996 2845146
9132599 3576055
7671899 4296055
9297782 1413109
9288456 3093106
6846290 3875382
7751958 3092650
7686180 814203
7731163 831523
7631279 141382
8050726 3288499
9198142 3496383
9133546 3012053
9298967 3575588
7662151 3242956
6731616 3957337
7698660 3092844
6849012 3011569
7045714 3260196
9303866 3052548
7099719 3510303
7786094 831926
9299689 4458737
7598163 3052123
9240490 3495224
7587724 3670179
6812268 3011125
6766767 3957891
7654639 831755
6783457 3334806
7156919 3112597
7658232 3052218
9272663 3213181
7588328 1638631
9171902 3093198
7629145 3671992
7147625 2845594
6780535 2981792
9293947 3575869
9140880 3575503
677412 3290870
677412 3187892
7166575 3260313
6771293 3284234
9190569 3494109
2346465 3092502
7750466 3052434
94296 3185230
9250069 3579115
9235291 3575604
6830914 3871640
5811915 3575837
6776414 2942343
9174690 2675779
9298567 3499335
4381295 3364921
550054 1716009
9277935 3031907
9275421 960939
9219985 2914832
7154747 4560039
9135159 3873595
2832077 3011727
7654879 831785
9186629 3215190
3379797 3908257
9209042 3506149
7749873 785034
7062131 4560208
7594805 3052415
6848253 3919172
9142540 3288382
6798193 2915603
7151553 3364821
6849842 3012124
7692905 3092908
9212961 3260580
6496275 542508
7722579 3052093
6817879 3958096
3558295 1502526
7727976 3093248
9193056 3286027
7593751 4286191
7112583 2914839
2871070 3260133
7083520 2915586
9176740 3575999
6855745 2850139
7632696 3664762
9131283 3288468
9130242 3226637
1132131 2849671
7691312 3059202
7751799 3093372
6713909 2297131
6817887 3957999
6846301 3011289
9299690 972351
6815508 3873837
9139897 3012215
7165537 3261030
7098869 3187052
7713359 3751070
369788 3187082
7159647 3039646
6792891 2942491
9163943 3364928
9300387 3011476
6760108 8168768
7646372 3019523
7644782 3052413
7687339 3750983
9176017 3287915
7624491 3722524
